[#..#####] (3,7) (0,1,3,4,7) (0,1,2,4,6) (1,2,5) (3,5) (2,4,6) (1,3,4,6) {15,28,22,56,34,25,25,28}
[#....#.#] (0,1,3,4,5,6) (0,1,2,3,4) (2,5,6) (2,4,5,6) (0,4,6) (1,2,4,6) (0,3,5,7) (0,1,2,4,5,6) {47,32,44,26,53,55,60,8}
[.#......#.] (2,3,4) (1,3,4,5,6,8,9) (3,7,8) (1,2,4,7,8) (0,5,6,9) (0,1,2,4,6,7) (1,8) (1,3,5,6,7,9) (2,3,4,6,7,8) {17,44,39,44,46,23,41,43,65,23}
[..#.] (1,3) (0,1,3) (2) {12,29,128,29}
[###.] (0,1) (0,3) (0,1,2) (0,2,3) {37,4,21,33}
[#.#.##.#.#] (0,1,2,3,5,6,7,8) (0,3,4,6,7,8,9) (0,3,4,5,6,7,8) (0,1,4,5,8,9) (2,5,6,9) (0,1,3,5,6,7,8,9) (0,1,4) (2,5) (0,1,3,5,9) (0,1,3,6,7,8) (1,3,4,5,8,9) (3,4) {82,77,28,71,74,79,70,50,82,88}
[....#..#] (3,6) (1,3,4,7) (1,2,3,4,5,6,7) (0,1,6,7) (1,4,5,6) (0,1,2,3,4,5,6) (4,5,7) {36,61,21,28,59,53,56,37}
[#####.#] (1,3,5) (2,6) (1,4,5) (0,1,2,4,6) (0,1,5) (0,2,3,5,6) (0,1,2,4,5) (0,3,4,5) (1,2,3,5,6) {53,69,38,16,52,69,25}
[..###.#.] (0,4) (0,2,4,6) (0,1,3,4,6,7) (0,3,4,5,6) (1) (0,1,6,7) (0,6,7) (1,2) (0,1,3,4) (2,4) {72,59,15,37,47,16,48,32}
[#.#.###.] (0,3,4,7) (0,2,3,4,5,6) (0,2,3,4,5,7) (1,2,4,7) (0,2,3,4,5,6,7) (0,4) (0,2,5) (1,2,3,4,5) (1,2,3,6,7) (0,1,3,4,7) {87,36,81,94,92,68,34,74}
[#.......##] (3,6) (2,5,7,9) (1,6,7,8) (0,8,9) (1,4,8,9) (0,1,2,3,4,5,6,7,9) (0,2) (0,4,5,8) {40,203,34,33,45,51,211,209,210,43}
[.###...#.] (2) (0,1,2,3,4,5,6,7) (0,1,2,3,6,8) (1,3,4,8) (0,3,8) (0,3,4,6,7,8) (5) (0,3,4,5,6,7,8) {49,25,26,53,39,27,49,35,46}
[###.#] (0,1,2,3) (0,3) (3,4) (1,3,4) (1,3) (1,2,4) {27,56,22,62,30}
[.#.###] (2,4) (0,5) (0,1,2,3) (0,1,5) (2,3) {26,9,137,2,135,26}
[##.#.#..] (0,4,7) (1,2,4,7) (1,2) (0,2,5) (0,2,4,5,6,7) (0,1,4) (2,3,4) {37,25,46,5,46,25,13,32}
[#..#] (1) (0,1,3) (0,2) {120,23,109,11}
[#.##] (0,3) (2,3) (0,2,3) (1,3) {23,123,25,165}
[####.] (0,2,3) (0,3,4) (0,1,2,4) (0,1,4) (0,2,4) (1,4) (2,3,4) {50,23,38,40,66}
[..#..###] (2,3,6) (1,2,4,7) (4,7) (0) (2,3,5,6,7) (0,5,6) (0,2,3,7) (2,5,6,7) (0,2,3,6,7) (4,6) {27,3,39,28,6,16,28,30}
[.#.#.] (0,3,4) (1,4) (0,1,2) (1,2,3) (1,3) {28,49,18,41,37}
[##.##.##] (0,1,4,5,6) (0,3) (0,1,2,3,4,5) (1,2,3) (3,5,6) (0,1,3,5,6,7) (0,2) (0,1,2,3,4,5,7) (5,7) {190,180,161,172,152,190,43,38}
[....#] (1,2,3,4) (0,2) (0,1,2,4) (0,3,4) {24,13,24,18,22}
[.#.#] (1,3) (0,1,2) {2,4,2,2}
[...##.] (0,1,3,4) (1,4) (2,4,5) (0,1,2,3) (2,3,4) (1,2,3,4) (0,1,2,5) {37,157,164,149,154,25}
[######] (2,5) (2,3,5) (0,1,2,4,5) (0,3,4,5) {11,11,26,8,11,26}
[###..#....] (0,7,9) (3,4,5,6,7) (0,1,2,5) (0,1,2,3,4,6,7,8,9) (0,1,3,6,7,8,9) (0,8,9) (0,1,2,4,5,8) (0,1,2,3,4,5,6,7,8) {103,81,61,61,49,49,61,72,74,60}
[#..###.###] (1,2,3,4,5,9) (1,2,6,8,9) (3,4,5,6,7,8) (1,3,6,7,9) (0,2,3,4,7,9) (0,1,2,4,5,7,8) (5,8) (0,2,4) (0,2,3,4,6,7,8,9) (2,3,5,8,9) {49,57,82,64,74,65,55,63,78,63}
[#.#...##] (0,6,7) (0,3,4,7) (1,2,3,4,6,7) (1,4,5,7) (0,1,2,4,5,6) (0,4,5) {34,28,20,31,43,12,36,55}
[###..##] (1,2,3,4,6) (3,4) (1,2,3,4,5) (0,1,2,3,4) (0,1,5,6) {17,175,161,175,175,17,169}
[.#..####.#] (0,1,2,4,6,7,8,9) (0,1,2,3,4,5,6,7,9) (0,1,2,3,4,8,9) (0,6,8,9) (1,5) (1,3,6,7,8) (0,1,2,3,4,5,7,9) (1,4,7) (2,3,6,7,8) (0,4,5,6,7,9) (2,7,9) {69,70,57,68,59,60,70,84,46,75}
[#...#....#] (1,2,4,7,8,9) (0,2,4,6) (0,1,2,4,5,9) (4,6) (0,2,3,5,6,7,8,9) (0,1,4,5,6,8,9) (6,7,8) (0,3,5,6,9) (0,1,3,4,5,6,8,9) (1,4,6,7,9) (9) {94,221,64,45,251,78,266,206,64,275}
[###..#.] (2,4) (1,2,3,5,6) (1,3) (1,2,5,6) (0) (1,4,5) (1,3,4,5,6) (2,3,5,6) (0,2,3,4,6) {8,53,45,27,60,51,39}
[..#.##.] (0,1,2,3,6) (1,2,3,4,5,6) (0,1,3,5,6) (0,2,3,5) (1,2,4,6) (0,4) (1,4) (2) {33,60,46,48,30,37,58}
[.##..] (1,2,3,4) (0,1) (0,1,2,4) (0,1,4) (1) {37,46,9,1,29}
[#..#..###.] (1,3) (1,2,4,5,7,8,9) (0,1,2,3,4,8,9) (0,1,2,4,5,6,7) (0,2,3,4,7) (2,3,5,6,9) (0,1,2,4,6,7,8,9) (1,2,3,6,7,9) (3,5,6,7,9) {42,47,64,55,42,42,59,56,12,43}
[#.##] (1) (0,1) (0,2,3) (3) {15,20,14,30}
[.###.] (1,3) (3,4) (1,2,3) (1,4) (1,2) (0,4) (0,2,3,4) {173,27,177,183,189}
[....###] (0,1,4,5,6) (1,4,6) (0,1,2,5) (1,2,3) (0,2,3,5,6) (0,1,3,6) (2,3,4,5,6) (0,1,2,4,5,6) {60,61,248,220,221,242,246}
[.#####..] (4,7) (0,2,3,4,5) (1,2,3,4,5,6) (2,3,4,5) (1,2,3,5) (2,3,4,5,6) (6,7) (2,3,5,6,7) (4) {10,36,78,78,72,78,53,44}
[.#.#] (0,1,3) (0,1,2,3) (0,2) {13,9,5,9}
[..##.] (0,2,4) (1,2) (0,1,2) (1,2,4) (0,3) {23,45,53,3,25}
[.##.#] (1,2,3) (2,3) (0,1,2) (0,2,3,4) {20,35,41,21,0}
[#..#.#] (0,2,4) (0,2,3,4) (1,2,3,5) (1,4,5) (0,2,3,4,5) (1,2,3,4) {14,42,49,45,37,36}
[.####.] (1,3,4) (1,2,3,4,5) (0,3,4,5) (2,3,4,5) (2,3,4) (0,2,3,4) {151,8,172,179,179,10}
[##..#] (1,2,3) (0,1,4) (0,3) {19,9,6,22,3}
[.##.#] (0,1,3,4) (0,1,4) (1,2,4) (1,2,3) {34,64,30,39,44}
[#.#.##] (3,5) (2) (3,4) (0,4) (1,2,4,5) (0,4,5) {11,11,19,26,28,37}
[...#.##.#] (2,3,6) (0,6) (6,7) (1,7) (0,1,2,3,5,6,8) (3,5,7,8) (0,2,5) (1,2,4) {37,44,55,36,12,44,40,39,26}
[.##.##..#.] (3,7) (0,2,3,4,6,8) (0,1,3,5,6,7,8) (0,1,2,3,4,5,9) (0,1,3) (4,6,7) (2,4,7,9) (0,4,6,8,9) (4,7) (3,5,6,7,8) {42,23,36,49,64,23,40,56,35,31}
[#.#.##] (0,2,4,5) (0,3,5) (1,5) (0,1,2,5) {40,17,32,8,15,40}
[#....#] (2) (1,4) (0,3,4,5) (1,3,4,5) (1,2,3,4) (1,3,4) (3,4,5) (0,1,2) {22,49,21,63,77,48}
[..##.##] (1,3,4,5,6) (1,2,4) (0,1,3,4,6) (0,5) (0,1,2,4,5) {37,52,25,27,52,44,27}
[####] (1,2,3) (0,1,2,3) {8,17,17,17}
[#..#....#.] (1,4,9) (1,2,9) (0,2,7) (1,2,4,8) (1,3,8) (2,3,5,7,8,9) (3,9) (2,6) (0,1,2,3,4,7,8,9) (0,4,6) (1,2,3,4,7) (1,2,7) (0,1,2,5,7,8) {42,62,86,64,33,30,16,55,64,60}
[#....#...] (1,2,7,8) (0,5) (1,3,4,5,8) (1,2,3,5,6) (4,6) (3,8) (5) (3,4,6,7,8) (0,1,2,6,7,8) (2,3,5,8) {16,50,51,60,28,40,32,42,87}
[##.....#] (1,2) (0,1,3,6,7) (0,1,2,4,5,7) (0,2,3,6) (0,1,7) (2,6) (0,1,2,3,4,5) {49,61,58,16,24,24,17,36}
[.##.#] (0,2,4) (0,2,3) (0,1,3) (0,1,3,4) (1,2,4) (2,3,4) (1,3) {28,32,42,32,29}
[.##..##.#] (0,1,6,8) (2,4,5,6) (2,3,4,5,6,7,8) (2,3,5,6,7,8) (3,4,6,7) (1,3,7) (0,2,3,4,5,6,8) (0,1) (4,6,8) (1,2,3) {40,46,48,55,45,47,73,41,52}
[.##.##] (0,1,4,5) (0,1,2,3) (0,3,5) (0,1,2,5) (1,2,3,5) (0,2,3,4,5) (4,5) {36,26,34,36,184,223}
[#.#.#.#.#] (1,5) (0,1,2,3,5,6,8) (0,1,3,4,8) (1,7) (2,4) (1,8) (0,1,3,6,8) (0,2,3,4,6,7) (3,6,8) {56,91,25,63,28,23,45,27,72}
[######.#] (2,3,4,6) (0,1,3,4) (0,1,6,7) (1,3,4,5,6,7) (4) (1,2,5) (0,1,2,3,7) (0,2) (0,1) (2,3,6) {65,61,32,44,39,9,28,39}
[...#] (1) (3) (0,1) (0,1,3) (0,2) {28,17,16,24}
[##...#] (0,1,3,4,5) (0,5) (0,3,4) (0,1,5) (1,5) (1,2,4,5) {41,31,5,16,21,44}
[#....##.##] (2,9) (4,6,7,8,9) (0,1,2,3,4,5,8,9) (4) (2,5,8,9) (5,6,9) (0,1,2,3,5,6,7,8) (1,3,4,6,7,8,9) (0,4,9) (0,1,3,4,5,7) (1,4,5,6,7) (2,4,6,9) {62,54,60,45,91,78,64,55,53,96}
[..##..] (1,2,3,4) (0,3,4,5) (1,4) (0,1,2,3,5) (1,3,4) {24,43,21,47,35,24}
[##.#] (2,3) (0,1,3) (0,3) (1,3) (0) {117,26,10,44}
[####.] (0,1,2,4) (0,1,2,3) (1,4) {16,28,16,6,22}
[####.#.#.] (0,1,3,5,7) (0,1,2,3,4,6,7) (1,2,3,7,8) (0,1,2,3,6,8) (0,1,2,4,5,6,7,8) (0,1,4,6,8) (5,6,7,8) (0,2) (0,1,2,3,4,5,8) (3,7) (1,2,3,5,6,7) {92,106,84,76,48,61,87,94,83}
[#.#.] (0,1) (1,2) (0,1,3) {174,174,0,157}
[.###.] (0,1,3,4) (1,2) (0,2,4) (0) (0,1,2) (0,1,3) {50,47,47,15,15}
[.##...#..] (1,2,3,4,5,6,7,8) (0,1,4,6,8) (0,1,2,3,4,5,6) (1,2,3,5,7) (1,5,6,7) (0,1,2,3,4,7) (1,2,3,4,6,8) (0,1,2,3,5,6,8) (0,6) (0,3,5,6,8) {34,221,209,210,40,205,48,208,29}
[....#.#.##] (0,1,2,3,4,5,6,7) (0,1,2,3,5,7,8,9) (0,1,3,4,5,6,9) (2,3,5,8,9) (0,3,4,5,6,7,8,9) (1,2,3) (0,2,4,5,6,7,8,9) (0,2,3,5,6,7,8) (1,3,6,7,8,9) (1,6,7) (0,2,3,7,8,9) {80,55,94,92,43,89,71,90,81,71}
[#.##.##] (0,1,2,3,4,5) (0,1,2,5) (0,4,5,6) (1,2,5) (2,5) (1,3,4,5) {40,45,34,25,34,56,9}
[#..#.] (1,2,3) (0,3) (1,2,4) {17,28,28,34,11}
[....#.] (0,1,3,4) (0,2,3,4) (4,5) (0,2,3,4,5) (0,1,2,3,4) {21,7,14,21,38,25}
[..##.#..] (2,3) (0,3,4,5,6,7) (1,3) (1,2,3,4,5,6,7) (1,3,4,5) (1,5,6,7) {20,30,1,46,38,42,25,25}
[##.###..#.] (1,3,4,5,7,8) (1,2,3,4,9) (1,3,4,5,6,7,9) (0,2,3,4,5,6,7,8) (2,6) (0,1,3,5,6) (0,6,8) (0,2,3,4,5,6,8,9) {31,42,25,54,42,44,36,23,37,21}
[##.##.#..#] (0,1,2,3,4,5,7,8) (2,3,4,5,6,7,8) (1,2,6) (0,1,2,8,9) (0,1,3,4,5) (2,3,4,6,8) (0,1,3,4,5,6,7,8) (0,1,3,4,5,6,7,8,9) (2,5,6,7) {72,90,264,85,85,263,270,259,92,28}
[.###.##.#] (0,4,5,7,8) (0,3,5,7) (0,2,4,5,6,7,8) (0,1,2,5,7) (2,4) (0,1,2,3,4,5,8) (1,7) (0,1,2,6) (1,3,5) (0,1,2,4,6,7,8) (0,6,7) {103,59,71,28,59,73,59,91,48}
[#.##.#####] (0,3,4,5,6,8) (0,3,5) (0,2,4,5,9) (6,8) (0,1,2,3,5,6,8,9) (0,1,3,4) (1) (1,2,3,4,5,6,7,8,9) (0,4,5,7,8,9) {37,47,23,43,34,49,47,26,57,33}
[#...#..] (0,1,2,3,5) (1,2,3,4,6) (0,2,5) (2,3) (2,4,5) (0,2,4,5,6) {46,16,91,36,44,66,24}
[..##..] (0,2,3) (0,1,4,5) (0,1,2,4,5) (1,3,5) (2,3) (0,4) {27,31,27,43,19,31}
[.######] (2,3,4,5) (0,1,4) (0,1,2) (1,5) (1,2,3,5,6) (0,1,4,5,6) (0) (0,1,2,3,6) {185,176,187,182,13,20,171}
[##...#] (1,3) (0,4) (0,1,2,3,5) (0,2,3,4) {28,19,16,21,14,14}
[...###....] (0,5) (0,2,3,4,7,9) (5,7,9) (4,5,7) (0,1,2,3,4,5,6,8,9) (0,1,2,4,5,6,7,8,9) (2,4,7) (2,9) (2,3,6) (0,3,4,5,7,8,9) {58,35,71,25,71,86,42,67,38,62}
[.##...] (1,3,4) (0,1,2,5) (1,2,3,4,5) (0,1,3,4,5) {17,33,13,29,29,26}
[.####] (0,2) (1,2,3,4) (0,2,4) (0,1) {168,149,31,6,16}
[..##..] (2,5) (0,1,2,3,5) (3,4) (5) (0,1,3,4) (4,5) (0,1,2,4,5) {28,28,29,23,35,54}
[#...#..#] (1,3,4,7) (1,2,5,6) (2,3) (0,1,2,4,5,6) (0,4,7) (1,3,5,7) (1,3,5) (2,6) {8,49,40,39,22,35,25,20}
[##.##] (0,1,2) (0,2,4) (0,1,2,3) (1,2,3) {190,27,192,21,165}
[##.###.] (0,1,2,4,5,6) (0,1,4,5,6) (4,5) (0,4,6) (0,2,3,5) (2,5,6) (0,1) {53,23,17,11,41,37,41}
[...###..] (0,2,4,5,6) (0,4,6,7) (2,3,4,6) (0,1,5,6,7) (1,5,6,7) (1,2,3,5,7) (1,3,4,6,7) {46,41,41,29,47,53,71,54}
[####.#...#] (1,2,7) (0,2,7) (0,2,3,5,6,7,8) (8,9) (0,1,4,5,6,7,8,9) (0,1,2,3,4,6,7,8,9) (2,3) (0,1,2,3,4,5,6,8) (1,6,7,8,9) (0,2,3,4,5,6,8,9) (3,4,7) (1,3,5,6,9) {74,73,92,72,53,56,80,79,79,70}
[####..#.#.] (0,1,3,4,5,8,9) (0,4) (2,3,4,9) (1,2,6,7) (0,1,3,5,7,8) (0,1,3,4,7,8,9) (5,9) (1,2,4,5,7,8,9) (3) (1,3,4,5,6,8,9) (3,6,8) (4,5,6,8,9) (1,2,3,4,5,8,9) {56,80,40,74,86,81,44,54,86,93}
[###..] (1,4) (1,2,4) (2,3,4) (1,2) (0) (1,3,4) {17,43,32,15,44}
[...#] (0,2,3) (1,2,3) (0,2) (0,1,3) {19,9,28,22}
[##..#..#.] (1,2,3,4,5,6,8) (1,2,4,5,6,7,8) (0,5,6,8) (2,3,4,6,7,8) (3,5,8) (1,2,5) (1,2,4,5,6,7) (2,4,7) (2,3,5,6,7,8) {17,39,64,35,47,73,58,43,55}
[.##.####] (4,7) (3,6) (1,2) (2,4) (1,2,4,5,6,7) (1,4,5,6,7) (0,1,4,5,7) (0,1,2,3,4,6) {7,166,29,18,153,144,158,145}
[##.#] (1) (0,3) (2,3) (1,2) (0,2) {188,28,28,183}
[..#.####] (1,2,4,5,6) (1,2,3,5,6) (0,1,6) (2,4,6) (2,4) (3,5) (0,1,5,7) {182,206,29,17,15,36,200,9}
[.#.#.###] (1,2,6,7) (0,6,7) (0,1,2,3,4,5,7) (0,2,3,5,6,7) (0,1,2,5) (3,4,7) {46,32,44,32,20,35,32,52}
[.#..#..#.] (1,2,4,5,6,7,8) (0,1,2,5,6,7,8) (0,2,4,5,6,7,8) (2,7,8) (0,1,2,5) (0,4,6,7,8) (0,2,5,7,8) (0,1,3,4,6) (1,8) {61,69,60,19,35,46,46,49,67}
[#.....####] (0,1,2,4,6,9) (0,3,5,6,8,9) (0,5,6) (0,2,3,5,7) (0,4,8) (4,5,6,7) (1,2,3,4,8,9) (3,6,7) (0,3,5,6,7,8) (0,1,3,4,5,9) {185,42,47,74,168,56,67,43,153,55}
[.###.#] (0,3,5) (1,2,3,5) (0,1,4,5) (1,3,5) (0,1,2,5) (1,3,4) (0,1,3,4) (0,4) {76,78,28,67,52,75}
[#..#] (1,2,3) (0,3) (1,3) (0,2) (1,2) (2,3) {15,37,66,44}
[.#.#] (2) (0,1,3) (2,3) (1,2) (3) (0) {21,29,41,213}
[#..###.] (0,2,3,4,6) (1,2,3,6) (1,2,3) (0,4) (2,4,6) (1,2,5,6) (0,3,4,5) {48,23,45,46,54,25,38}
[##..#.##.#] (0,2,7,8) (4,5,6,7,9) (2,4) (0,3,4) (0,2,3,6,7,8,9) (0,2,4,5,7,8) (0,1,3,4,5,7,8,9) (2,3,5,6,9) (4,5,7,9) (2,6) (0,1,4,6,7,9) (2,3,7,8) {41,19,59,36,53,43,56,79,36,58}
[#...#.#] (0,1,2,3,5) (0,1,2,4,5,6) (2,3) (1,2,3,4,5) (1,2) (0,2,3,4,5) (1,6) {15,44,49,33,32,32,15}
[##..###] (0,4) (2,3) (2,5) (0,2,3,6) (0,1,4,5,6) (0,1,2,3,5) {41,36,163,144,25,55,20}
[.###...##] (1,2,3,4,5,6,7,8) (2,7) (1,2,3,7,8) (3,4,8) (0,2,3,4,8) (8) (1,7) (2,3,5,6,7) (0,4,7,8) (0,4,8) {21,31,50,43,40,30,30,61,65}
[##..#.] (0,1,3,4) (0,1) (2,4,5) (4) (0,2,3,5) (0,3,4) (0,1,3,4,5) (0,3,4,5) {51,27,128,39,168,153}
[.###.] (1,2,3,4) (0,1) (0,1,3,4) (3,4) (0,1,4) {37,52,15,21,36}
[#...######] (1,2,3,4,7,8,9) (0,4,5,6,7,8,9) (0,3,6,8,9) (0,1,7) (4,6) (6,8) (1,4,7) (0,1,2,4,5,6) (1,4,8,9) (1,3,4,5) (0,1,3) {62,98,34,43,265,31,227,59,66,56}
[##.#...#.] (0,1,2,6,8) (4,6) (3,4,5,6,7) (0,1,2,3,5,6,8) (0,1,2,3,6,7) (0,2,3,4) (0,5) {69,39,50,42,30,39,58,13,28}
[.###] (1,2,3) (0,2) {11,13,24,13}
[###.###.] (3,6) (0,1,6) (2,4,5,6,7) (1,7) (2,3,6,7) (5,7) (0,1,3,4,6) (0,2,3,4,7) {32,27,46,56,40,28,65,68}
[##..#.#] (0,3,4) (2) (1,4,6) (3,5) (2,4) (5) (0,1) (5,6) (1,3) {34,37,20,40,51,17,18}
[.#.#] (0,1,3) (1,3) (0,2) {29,19,19,19}
[##.###.##] (2,4,6) (4,7) (1,5,6,8) (3,6) (0,6,7) (0,1,2,3,4,5,6,8) (2,3,4,5,6,7,8) {22,22,22,27,27,26,65,23,26}
[.#.#] (1,3) (0,3) (1,2) (0,2,3) {153,35,29,168}
[.#....#] (0,3,5,6) (0,1,2,3,5,6) (0,1,4,5,6) (0,6) (2,3,4,5) (3,4,5,6) (0,2,3) (1,2,3) {192,42,41,190,32,182,191}
[.#.##.##] (0,4,6) (3,5) (0,1,2,7) (0,1,2,3,4,6) (3,6,7) (0,1,3,4,7) {39,23,13,43,39,3,46,27}
[##.#..#.] (0,1,2,3,5,6,7) (0,1,3,4,5,6,7) (0,3,5) (0,1,3,4,5,6) (2,3,5,6) (1,4,6) (1,2,4,6,7) (1,2,3,4,7) {32,60,29,39,57,37,63,34}
[#.##] (2,3) (2) (0,1) (1,3) (1,2,3) (3) {6,23,27,36}
[###.#.#] (0,1,2,4,5,6) (0,1,2,6) (0,1,3,4) (5,6) (1,2,3,5,6) (0,1,3,4,5) (0,2,5,6) (0,3,4,5,6) (1,2,3,4,6) {45,64,54,39,37,52,73}
[##.#.] (1,2,3) (0,2) (0,1,3,4) (0,1) {34,48,18,30,14}
[#..##.] (1,2,5) (0,3,4) (0,1,3,4) (1,2,3,5) {15,43,39,35,15,39}
[##.##] (0,1) (1,3,4) (1) (1,2,4) (2) (0,3) (0,4) {43,40,22,13,27}
[...###....] (0,1,4,8,9) (0,2,3,6,7,9) (0,1,4,8) (3,5,7,9) (0,1,3,4,5,6,7,8,9) (0,2,3,4,5,6,8) (0,2,8) (2,8) {39,32,24,21,34,19,14,19,54,21}
[###.] (0,1) (2) (1,3) (1,2,3) (2,3) {7,28,47,38}
[##.#..#.#] (0,1,2,3,5,6,7,8) (1,2,3,4,5,6,7) (0,1,3) (0,2,3,4,5) (5,7,8) (1,2,3,8) (0,1,2,4,5,7,8) (4,5,6) (3,4,5,6,7,8) (2,8) (0,2,5,6,7,8) {30,29,67,29,34,63,46,46,63}
[...#.###.] (0,1,2,3,4,5,6) (3,4,5) (0,1,2,7,8) (7) (4,6,7) (4,6) (0,3,4,5,6,8) (0,1,3,4,5,6) (1,6) (0,1,2,4,5,8) {37,39,16,47,76,55,61,176,19}
[#.....#...] (0,1,4,6,7,9) (0,6) (0,1,3,4,5,7,8,9) (2,3,5,8) (1,2,3,5,7,8) (2,4) (1,5) (3,4,8) (0,1,2,3,4,6,8,9) (0,3,4,5,6,7,9) (0,1,2,3,5,9) {58,59,37,66,61,55,46,29,53,47}
[.###] (0,2) (1,2,3) {13,1,14,1}
[.##..#####] (0,1,5,9) (0,4,8,9) (2,4,8) (1,2,5,6) (6,9) (1,2,3,4,5,7,8) (1,3,4) (0,1) (0,5) (2,3,5,7,8,9) (3,4,5) {221,256,58,42,60,68,40,24,51,61}
[.##....##.] (0,1,2,3,4,5,6,7,9) (0,1,2,5,7) (8,9) (0,6) (1,2,4,5,6,7) (0,1,6,7) (2,6,7,8,9) (3,9) (2,3,4,6,8,9) (0,1,2,3,4,5,7,8) {74,56,60,68,51,43,66,57,53,71}
[#.##.##..] (0,2,3,5,6,8) (0,2,4,5,7,8) (0,3,7) (4,5,7,8) (1,4,6) (0,3) (1,8) (1,4,8) (0,5,6,7) {50,175,17,26,50,30,21,45,185}
[#.#.#.] (1,2,3,4) (2,3,5) (0,1,2,4) (1,3,4) (0,1,3) (2,4) (0,1,3,4,5) {31,58,49,51,64,21}
[..##..##.] (1,2,5,7) (0,4,6) (0,6,7) (0,1,3,8) (2,4,6) (3,4,7) (0,1,2,3,4,5,7,8) {23,18,28,9,19,18,25,34,8}
[#.#...#] (0,1,3,4,6) (0,2,6) (0,1,4,5,6) (1,2,3,4,6) (0,2,4,5,6) {201,186,39,181,197,16,213}
[..#..#] (1,3,5) (2,4) (0,2,4) (1,3,4) {10,24,16,24,33,7}
[###..##] (0,3,4) (0,1,5) (0,1,2) (0,2,3,6) (0,1,2,5,6) (1,3,5) (0,2,4,5,6) (0,1,4,5,6) (3,4,5) {83,60,33,35,66,91,47}
[.####] (3,4) (0,4) (1) (2) (0,2,3) {20,13,19,26,14}
[#.#...#] (0,1,2,5,6) (0,1,3,4,6) (1,5,6) (0,5) (0,1,4,6) (2,4,5) (1,2,3) {46,47,40,18,45,43,45}
[.#.#..] (1,2,3,4) (0,1,3,5) (3,5) (2,4) (1,3) {11,35,22,183,22,159}
[###.] (0,2) (1,3) (2) (3) (0,3) {22,19,19,44}
[.#####.] (1,2,3,4) (0,1,3,4) (0,6) (1,4) (2,3,5) (0,2) {36,53,44,47,53,14,11}
[.#.#####.] (0,1,3,4,5,7) (0,2,5,7,8) (0,1,3,4,5,6,8) (0,2,4,5,6,7) (1,3,5,7) (0,4,5,7) (0,2,8) (0,1,3,6) {267,225,31,225,51,79,208,76,24}
[##..###.#] (0,1,2,5,6,7) (0,4,5,8) (2,5) (3,8) (0,1,3,5,6,8) (2,4,7,8) (0,1,3,5,6,7,8) {36,31,141,27,6,172,31,13,33}
[###..##] (1,2,4) (4,5) (0,3,5) (2,3,5) (0,1,2,5,6) {26,20,120,109,10,133,17}
[###..#..] (2,7) (2,4) (3,5,6) (1,3,5) (6) (1,2,3,4,6,7) (0,1,2,4,5,6,7) (0,2,3,6) (0,2,3,6,7) {53,23,65,45,27,24,75,40}
[..##..] (1,2,4,5) (1,3,4,5) (0,1,2,3,4,5) (1,5) {19,183,20,30,31,183}
[#.####] (0,1,4,5) (1,2,4) (2,3,4,5) (0,1,2,3) (0,1,3,5) (1,4,5) {35,187,38,35,180,177}
[#......#..] (1,2,3,4,5,6,7,8) (1,2,3,4,6,9) (0,1,2,3,4,5,6,8,9) (2,3,7) (0,2,4,5,6,7,8,9) (0,1,3,4,5,9) (0,8) (0,2,3,4,5,8,9) (2,6) (0,1,2,5,9) (0,1,2,4,5,7,9) (1,4,5,9) (4,5,6,9) {56,54,90,59,82,72,75,29,63,70}
[.#.#.] (0,1,4) (0,3,4) (0,1,2,3) {24,14,4,14,20}
[#..#......] (1,2,3,4,5,7,8,9) (0,1,2,3,4,6,7,9) (2,5,9) (3,5) (4,7) (0,1,3,6,9) (3,7) (4,9) (0,1,3,6,8,9) (2,3,6,7) (7,9) (0,2,3,8) (0,4,7) {53,63,46,76,46,29,53,47,30,106}
[#....#.] (0,1,2,3,4,5) (2,3,6) (0,1,4,5) (1,4,5) (5,6) (0,3,4,5) (0,1,3,4,6) (0,4,5) {63,58,19,52,77,186,161}
[.###] (3) (0,1,3) (0,1) (0,2) {19,18,1,29}
[###.] (0,1,2) (1,2,3) {15,140,140,125}
[######.##] (0,2,7) (4,6) (0,2,4,7,8) (2,3) (0,1,4,5,6,7,8) (1,2,3,8) (0,1,3,4,6,7,8) (1,3,5) (1,4,5,6,8) {27,53,35,35,51,44,49,27,43}
[###.##] (1,2,3) (2,3,4) (1,3,4,5) (0,1) (0,2,4) (4) (4,5) (1,3,5) {15,38,38,44,58,40}
[.#......##] (2,3,4,5,6,7,8,9) (1,7) (2,4,7,9) (0,5) (0,1,2,3,4,5,6,8,9) (2,6,7,9) (5,9) (3,4,5) (0,2,3,5,8,9) (0,1,2,6,7) (0,2,4,5,6,8) (0,1,3) (1,3,4,5,8) {224,220,237,247,236,268,220,60,224,239}
[#####...#.] (0,1,2,3,6,7,8,9) (0,7,9) (0,2,3,4,5,8,9) (2,3) (1,2,3,4,5,6,8) (0,1,4,6,7,8) (0,5,6,7,8) (0,1,3,5,6,8,9) {180,43,175,187,168,177,49,23,194,165}
[...#####] (0,5) (6) (6,7) (0,2,3,6) (0,1,2,3,4) (0,2,4,5,6,7) (1,3,4,6) (0,2,5) (0,1,3,4,7) (2,4,5,6) {57,43,63,48,75,42,64,25}
[#...####] (0,4,5,6,7) (1,2,3,4,5,6) (0,1,2,3,4,5,6) (0,1,2,3,7) (0,1,5,7) (0,1,2,3,4,6) {218,217,215,215,40,40,40,213}
[.##...#] (0,2,3) (2,4,5) (0,1,3,5,6) (2,4) (0,3,4,5) {20,0,47,20,49,31,0}
[..#.##.#.] (1) (1,2,3,5,6) (1,2) (2,4,7,8) (3,5) (0,1,3,4,6,7,8) (0,1,3,4,5,6,8) (0,1,4,6,7) {20,57,25,29,26,16,31,26,19}
[#.#.##.#] (1,3,4,6,7) (0,1,2,3,5,6) (0,5) (1,4,5,6,7) (2,5,6) (1,2,3,5,6,7) (0,2,4,5,7) (0,1,3,4,5,7) (1,3,4,5,6,7) {39,214,37,44,224,230,213,229}
[....#..###] (6) (4,5,7) (0,1,2,3,5,7,8,9) (2,5,7,8,9) (1,2,3,4,6) (1,2,3,4,5,7,8,9) (1,8) (0,1,5,8,9) (0,1,2,3,5,6,8,9) {25,43,24,20,24,45,20,20,39,35}
[..##..] (0,1,3,4) (1,3,4) (0,4) (0,1,3) (1,2,3) (0,3,4) (4,5) {29,18,5,29,44,15}
[..#.#] (1) (3) (0,4) (1,2,3,4) (0,2,3,4) (1,2,3) {37,20,31,33,41}
[.##..#] (0,1,2) (0,3) (0,4) (2,5) (0,1,2,5) (4,5) (1,2,5) (1,5) {37,37,33,1,30,48}
[.#.#...] (4,6) (0,4,5) (0,1,2,3,4) (0,2,3,4,5,6) (1,3) (1,2,4,5,6) (0,1,2,4,6) {42,50,34,32,54,17,33}
[...##] (0,1,3) (2) (1,2) (0,1) (1,3) (2,3,4) (1,4) {23,183,155,15,21}
[...##..##.] (1,2,3,4,5,8) (0,2,5,6,9) (1,6,9) (1,2,3,4,6,7,8,9) (0,1,2,5) (1,3,4,6,8) (1,2,6,7) (0,1,4,5,6,7) (0,1,2,5,6,7,8) (4,6,9) (1,2,4,5,8) (5,7,8) {56,91,85,29,51,100,75,58,71,23}
[##.##..##.] (3,4,8) (3,6) (1,4,5,6,7,8,9) (0,1,2,3,4,5,7,8) (1,6,7,9) (0,4,7,8) (1,2,3,6,7,9) (0,2,5,6,7) {37,30,42,41,33,32,43,56,33,19}
[#.#...] (1,2,3) (3,4) (0,1,4,5) (1) (1,3,4,5) {4,26,5,11,10,5}
[##.#.##.#] (0,1,3,6,8) (0,2,3,4,5,7) (0,1,4) (1,2,5,8) (0,2,3,4,5,6,7,8) (0,1,3,4,5,8) (2,4,6) (1,2,6,7) (2,3,4,5,6,7,8) (2,3,4,5,6) {45,61,67,60,74,56,69,26,57}
[#...] (0,1) (1,2) (1,3) (1,2,3) (2) (0,2) {16,30,45,17}
[.###..#.] (0,3,7) (2,3,4,6) (2,4,5,7) (0,1,3,4,5) (1,2,3,5,7) (5,7) (0,2,3,4,5,6) {6,7,38,23,31,39,15,35}
[.##.###.] (0,1,5,7) (1,2,3,4) (0,2,3,4,5,6,7) (3,6) (2,4,5,6,7) (0,1,4,5,7) (2,6,7) (2,3,4,5,6) (1,2,4,5,7) {20,32,62,35,58,50,49,52}
[#####..#.] (3,5) (2,3,4,6,7,8) (1,3,6,8) (1,4,5,7) (0,6) (0,3,4,5,7) (1,7) (0,2,3,5,6,7) (0,1,2,3,4,5,6) (1,3,5,6,8) (2,8) {45,42,50,75,31,48,60,66,46}
[#..#..#] (0,1,2,3,4,6) (1,4,5,6) (0,2,4,6) (2,4) (0,1,6) (1,2,3,4) (0,1,3) (3,4,5,6) (0,1,2,5) {56,67,28,40,48,30,59}
[#...##..] (1,5,7) (3,6) (0,1,2,4,6,7) (0,5,7) (0,1,2,4,5) (1,2) (0,2,3,4,5) (1,3,7) {10,222,12,215,10,26,15,217}
