0:
#.#
###
#.#

1:
###
.##
..#

2:
.##
##.
#..

3:
###
..#
###

4:
.##
###
#.#

5:
###
###
#..

42x43: 54 37 28 24 29 24
49x46: 38 39 44 39 35 44
38x42: 37 43 33 45 35 51
49x43: 39 26 44 40 37 37
42x41: 38 38 47 46 52 44
40x50: 32 34 27 33 47 35
35x37: 26 36 27 37 37 35
46x47: 33 41 40 39 34 38
38x39: 19 32 23 27 25 30
45x40: 30 36 35 24 36 33
50x38: 43 65 53 50 44 41
48x40: 57 55 41 56 39 46
41x49: 35 33 26 36 43 34
50x46: 34 44 42 39 40 40
50x42: 34 40 36 30 44 39
37x48: 47 49 38 50 36 52
39x49: 35 31 39 31 41 30
44x40: 25 30 31 38 33 24
42x48: 62 44 44 51 46 60
39x50: 35 37 44 26 28 38
41x36: 45 33 36 38 38 36
36x39: 24 25 36 27 20 24
39x37: 26 30 25 25 27 23
48x40: 57 45 46 44 51 51
49x45: 58 57 51 52 64 56
38x41: 29 22 24 27 31 22
36x35: 24 25 23 20 18 22
38x46: 45 41 42 48 37 55
47x43: 58 47 54 56 56 40
41x45: 47 46 47 43 46 55
42x46: 36 38 28 35 32 40
35x37: 26 28 27 35 46 35
35x43: 22 28 18 33 24 29
46x36: 23 35 35 28 30 28
38x41: 34 47 40 41 38 41
42x47: 48 56 48 56 46 50
42x40: 33 27 21 33 36 31
42x48: 54 54 52 46 59 46
38x43: 38 40 40 51 36 46
36x43: 27 19 35 26 27 33
49x50: 44 45 41 54 31 41
42x47: 55 48 49 43 51 57
50x39: 57 51 48 48 46 50
50x41: 33 29 37 29 44 36
48x49: 62 60 64 49 69 59
47x39: 30 29 31 43 31 31
49x45: 38 39 45 30 47 40
50x50: 41 55 46 38 33 42
49x48: 47 43 48 39 35 44
39x47: 45 57 45 40 46 50
49x46: 43 38 30 40 40 48
46x43: 43 36 29 43 27 32
37x48: 55 37 38 52 44 44
40x44: 38 45 38 49 41 58
47x47: 64 53 48 65 60 47
47x37: 28 26 30 34 42 19
43x44: 32 28 37 40 31 27
37x36: 30 34 34 26 39 42
49x50: 39 36 51 42 47 41
46x44: 46 59 53 46 60 49
43x50: 37 40 36 43 37 31
49x44: 53 73 53 45 57 53
46x43: 40 31 41 29 27 42
37x48: 30 35 30 28 34 34
50x46: 28 36 47 39 37 52
47x43: 48 61 43 44 65 49
37x45: 33 23 34 31 28 31
50x43: 22 48 39 45 33 37
35x48: 35 26 33 25 27 30
46x47: 28 39 45 41 45 27
43x46: 53 40 58 53 54 47
47x45: 36 34 37 37 42 38
43x41: 38 47 42 36 56 52
50x45: 65 48 65 57 57 55
46x36: 38 52 41 51 38 36
39x38: 30 44 37 40 37 41
37x42: 34 42 41 45 38 40
50x35: 32 25 25 25 26 42
47x45: 37 37 37 38 34 41
47x47: 46 35 36 33 42 32
43x49: 67 50 51 54 53 48
44x42: 61 36 54 46 40 48
47x36: 26 31 35 22 30 35
35x42: 48 32 36 29 42 38
42x48: 35 47 56 55 58 60
47x37: 32 36 23 24 30 34
43x50: 46 44 29 43 27 34
47x38: 52 37 46 46 54 39
37x43: 40 44 43 32 42 45
47x42: 45 53 49 51 54 52
37x50: 36 36 35 26 28 31
44x39: 44 42 40 46 44 47
40x38: 23 23 24 36 23 26
40x36: 29 25 22 20 32 28
44x49: 39 38 23 47 40 36
36x40: 21 23 32 27 30 22
35x48: 40 42 55 41 40 44
38x37: 17 23 24 28 22 30
45x35: 43 44 37 41 26 51
40x47: 50 67 48 45 50 32
44x49: 39 34 33 29 41 47
41x36: 29 23 16 35 25 28
48x38: 34 38 62 42 54 54
47x37: 34 30 22 27 31 36
44x48: 49 59 58 63 57 41
43x47: 58 53 58 51 51 42
41x48: 47 51 60 49 53 46
45x38: 50 36 43 33 53 47
49x36: 30 37 24 35 29 36
36x35: 33 23 33 38 39 27
38x42: 47 40 39 44 32 43
50x39: 33 37 39 31 32 35
47x38: 53 41 45 42 43 50
42x45: 54 45 46 49 53 43
37x44: 45 34 33 52 43 40
38x48: 48 54 51 39 38 53
45x38: 26 32 32 28 34 28
41x36: 41 39 43 34 36 36
49x46: 53 69 66 47 53 63
48x44: 47 59 51 47 56 65
41x49: 26 37 41 44 29 31
49x47: 33 38 38 49 39 42
45x35: 35 44 40 44 43 37
43x43: 34 53 42 48 48 59
45x40: 34 28 36 26 32 38
44x43: 31 34 39 26 37 28
38x49: 38 49 37 69 41 50
42x46: 40 60 60 35 61 46
48x46: 57 55 47 62 52 64
40x37: 20 30 29 27 28 21
41x36: 44 31 51 28 29 47
42x40: 26 33 32 27 29 34
47x42: 43 35 30 35 36 31
40x50: 51 73 48 50 43 45
43x35: 25 47 45 38 44 36
41x35: 34 32 15 17 24 21
47x46: 43 29 44 33 37 39
38x40: 28 29 25 24 27 22
40x39: 30 25 28 29 34 23
49x47: 65 59 54 45 56 74
43x49: 35 37 37 38 38 38
43x35: 44 37 26 31 52 38
40x49: 35 32 32 41 32 35
50x36: 30 33 23 35 30 40
47x47: 44 41 33 30 37 39
48x39: 30 39 37 36 41 25
35x46: 25 22 32 34 25 26
46x35: 17 31 24 35 27 31
40x41: 31 39 26 19 27 27
47x49: 70 50 51 62 53 65
40x49: 49 60 50 51 47 46
48x50: 60 67 53 70 55 63
49x37: 55 43 44 45 48 43
50x36: 33 38 37 17 32 34
39x35: 32 25 22 14 17 32
47x48: 35 43 45 29 46 42
45x37: 39 42 45 38 45 48
41x48: 45 31 39 29 33 30
44x36: 27 21 31 32 29 28
40x46: 51 31 31 31 19 32
46x35: 40 35 44 39 48 42
50x42: 48 60 43 55 55 60
44x45: 61 36 66 47 45 52
47x46: 29 39 40 38 39 40
49x39: 33 39 40 39 30 26
35x50: 43 42 44 42 48 50
42x40: 49 45 43 40 38 44
49x40: 41 44 50 61 57 48
48x42: 45 58 44 50 59 53
42x47: 44 63 62 42 46 52
49x45: 62 49 52 59 62 53
49x36: 51 43 48 45 41 44
41x36: 35 36 27 39 47 40
40x45: 28 37 32 37 29 31
46x46: 46 35 34 36 38 36
47x38: 44 42 40 53 51 43
42x41: 52 44 44 36 48 41
41x50: 55 56 48 43 58 55
35x43: 26 24 26 31 22 24
44x41: 45 45 54 49 40 47
39x48: 30 42 26 35 38 36
38x49: 40 39 32 28 23 29
50x40: 45 46 51 56 58 51
48x46: 65 57 64 54 46 56
49x43: 31 31 38 41 33 50
40x50: 54 42 46 47 67 49
48x35: 31 31 34 28 20 31
38x47: 24 36 27 34 26 33
42x42: 41 32 23 31 38 30
37x41: 38 42 39 34 42 39
40x43: 55 44 44 39 38 45
45x42: 29 44 38 23 39 37
49x36: 38 36 31 24 32 30
35x44: 38 44 44 41 34 38
45x43: 31 34 36 45 30 34
49x36: 40 38 31 26 26 31
37x48: 26 30 36 32 36 32
41x35: 30 42 38 38 35 39
40x43: 45 52 37 50 44 36
38x48: 23 37 41 28 28 35
41x43: 34 27 36 27 35 23
43x39: 28 32 26 29 32 35
45x35: 41 46 32 35 39 48
41x36: 33 36 37 41 37 43
35x48: 28 29 31 29 33 26
40x45: 50 58 50 44 41 37
43x40: 31 38 54 46 54 44
41x49: 58 43 40 58 58 48
40x42: 49 36 37 49 41 44
48x45: 55 62 57 49 59 52
41x38: 35 34 33 50 43 42
36x43: 31 40 35 44 48 39
49x42: 48 31 38 31 30 46
44x39: 44 44 32 57 36 48
49x50: 53 67 56 65 48 87
38x35: 23 20 14 20 25 29
42x43: 65 34 42 46 39 49
38x42: 27 22 29 24 29 36
35x41: 16 29 20 29 26 23
45x40: 43 50 54 44 38 51
42x45: 41 47 39 59 44 58
35x47: 28 28 30 23 27 28
39x44: 31 33 20 37 33 28
38x36: 40 34 40 25 33 40
43x47: 33 32 41 35 39 30
42x45: 30 40 40 40 31 29
50x38: 29 34 38 26 32 32
44x43: 26 22 23 41 40 43
41x46: 44 29 16 36 35 35
47x46: 36 42 33 38 40 36
44x50: 35 35 31 41 48 33
38x50: 45 62 43 46 58 39
35x37: 25 33 31 36 29 45
39x46: 47 51 57 48 38 39
45x45: 45 47 66 59 53 45
44x49: 47 42 24 42 34 35
40x38: 41 48 41 39 29 38
41x40: 44 35 51 42 34 48
48x44: 61 63 60 47 44 53
35x44: 50 42 27 38 35 42
45x41: 37 26 22 42 29 39
47x35: 39 47 42 34 50 42
50x48: 43 33 40 46 55 38
39x39: 37 45 38 38 35 42
46x45: 27 44 40 32 37 44
48x37: 37 24 33 33 35 29
49x40: 49 55 56 49 48 47
45x43: 36 35 38 45 26 30
39x41: 37 39 38 34 46 51
37x41: 37 38 33 38 52 34
49x43: 40 30 44 34 32 44
42x44: 31 42 33 22 32 36
49x45: 45 40 43 32 45 35
47x36: 32 23 36 38 24 26
36x38: 24 25 24 23 29 18
43x39: 45 49 35 41 35 52
49x47: 42 35 52 46 40 25
46x36: 28 35 30 28 29 30
48x46: 30 35 49 42 46 37
37x43: 28 29 30 26 27 27
46x48: 60 48 51 52 65 61
37x39: 27 28 16 27 31 26
47x44: 32 24 35 46 34 38
43x38: 45 38 31 39 52 43
50x44: 73 43 53 46 60 61
38x44: 39 31 51 39 49 49
42x37: 37 48 41 46 39 30
37x39: 49 38 42 32 30 33
40x40: 27 25 25 32 26 33
43x43: 46 45 43 54 49 46
45x41: 25 38 35 42 31 23
41x39: 45 36 36 45 43 39
49x44: 29 35 39 41 40 39
37x36: 27 43 39 32 31 36
42x40: 48 41 38 44 35 51
49x41: 54 55 48 61 52 39
39x46: 49 53 41 44 48 41
44x38: 36 54 43 34 50 42
39x40: 40 44 30 47 45 32
35x41: 41 35 34 38 30 42
41x35: 24 25 26 19 24 24
48x48: 49 74 70 62 53 52
36x37: 39 26 31 41 33 33
35x35: 34 38 32 34 29 23
36x46: 36 27 32 26 36 23
39x43: 24 28 37 29 24 39
36x49: 37 43 51 43 49 50
41x42: 50 36 44 49 55 30
35x41: 43 34 27 42 36 36
46x39: 49 36 39 63 40 46
49x35: 20 40 34 25 31 25
48x45: 35 46 44 38 40 36
43x50: 53 42 62 70 65 39
35x35: 19 16 28 19 18 20
39x40: 18 31 29 31 37 23
42x48: 48 43 58 58 60 44
42x49: 35 33 35 45 33 42
46x48: 30 43 36 39 44 47
44x36: 27 28 32 31 19 31
39x41: 45 33 40 40 45 42
43x40: 37 37 31 31 24 21
37x38: 21 24 24 22 23 29
42x47: 48 45 57 48 52 55
39x36: 22 23 26 36 20 29
39x35: 25 18 31 21 23 25
35x40: 27 52 40 26 27 47
38x50: 50 44 46 51 59 41
37x39: 31 35 41 39 36 41
41x37: 25 27 20 20 34 29
37x47: 37 33 25 27 27 30
36x37: 37 33 44 26 31 37
44x47: 34 43 41 23 43 25
38x43: 36 35 54 40 51 38
46x37: 26 27 30 28 33 35
44x37: 24 23 31 32 35 22
36x42: 22 25 32 35 31 23
40x35: 27 34 49 26 35 48
50x46: 52 68 54 52 67 61
48x38: 37 31 29 30 29 35
49x49: 32 41 51 55 43 33
36x37: 28 41 30 31 41 34
43x42: 45 59 25 43 47 55
49x35: 26 26 34 36 25 29
38x43: 43 48 40 52 38 31
35x38: 37 36 33 38 31 30
38x40: 49 48 45 32 31 32
40x46: 32 45 39 24 27 28
37x48: 43 38 55 47 48 44
46x39: 45 30 24 34 32 30
42x49: 45 62 49 62 49 50
45x47: 44 55 52 54 50 70
36x45: 42 39 38 45 46 38
45x38: 35 29 39 28 21 28
48x48: 63 65 46 48 71 59
45x49: 55 74 57 51 47 58
36x37: 26 20 16 41 14 27
43x43: 48 45 46 52 47 46
46x40: 35 23 32 31 35 38
42x45: 44 55 45 51 49 47
41x37: 28 27 27 17 27 30
43x38: 26 23 25 37 29 28
40x47: 43 55 43 50 48 50
41x44: 48 43 48 46 44 49
49x43: 40 28 37 49 38 31
43x46: 34 41 32 21 36 45
39x40: 45 39 32 47 36 39
46x46: 51 48 47 55 61 61
45x38: 33 46 45 41 56 43
36x44: 31 28 29 28 27 25
42x46: 52 53 53 40 50 51
45x46: 44 56 60 55 45 61
36x46: 24 37 28 27 39 24
44x35: 42 45 36 31 42 41
49x43: 44 34 37 30 50 28
40x37: 17 28 30 26 29 26
37x37: 33 43 38 34 34 31
42x42: 36 37 58 50 57 36
35x43: 43 35 34 35 38 45
35x36: 26 27 18 23 19 18
49x36: 39 34 27 38 23 30
48x39: 30 39 39 38 30 31
39x49: 45 42 58 46 53 52
37x49: 41 48 42 50 50 47
43x50: 55 47 59 62 48 60
41x42: 41 42 38 48 47 47
35x50: 33 29 30 24 33 26
39x49: 42 39 60 53 52 50
37x49: 34 33 30 26 31 38
39x48: 34 28 31 41 38 36
47x38: 27 25 32 31 34 30
36x40: 28 26 21 35 26 20
46x44: 53 44 47 52 51 62
42x41: 23 38 33 34 30 23
42x43: 50 44 40 51 45 46
39x48: 36 36 34 31 37 34
47x46: 36 38 40 33 42 35
46x38: 33 44 24 30 27 22
48x47: 46 45 42 30 48 28
43x42: 44 28 40 32 27 25
39x38: 22 24 30 21 23 35
37x47: 27 38 32 30 25 27
47x35: 29 31 32 21 19 33
35x37: 18 18 23 20 26 26
38x44: 42 36 41 42 52 43
38x43: 38 49 40 44 42 39
47x42: 36 36 25 31 40 41
39x47: 57 39 43 44 54 43
37x36: 32 36 33 34 36 34
44x49: 26 38 48 39 38 35
44x44: 45 44 56 52 60 42
43x43: 47 42 51 41 53 51
48x37: 46 46 43 49 39 50
49x45: 37 35 32 50 49 37
41x49: 43 67 56 56 53 38
43x49: 45 63 48 42 63 63
46x38: 51 49 52 32 49 39
45x35: 34 44 44 44 37 41
50x37: 22 28 26 35 45 36
35x38: 31 36 34 40 42 22
41x43: 21 29 27 36 37 31
36x42: 43 41 35 38 41 34
35x44: 23 23 29 27 23 29
40x39: 34 44 48 36 40 41
42x41: 35 55 42 53 39 42
48x44: 58 58 59 41 66 45
47x39: 39 55 35 47 55 49
35x40: 47 26 42 36 33 32
38x41: 37 37 42 35 47 42
48x42: 45 60 49 49 61 47
40x40: 28 24 33 26 24 33
49x48: 42 35 49 47 41 42
44x44: 28 32 27 35 40 34
43x37: 27 26 25 26 30 33
42x48: 43 39 39 33 35 35
47x46: 57 57 52 68 59 39
37x39: 35 31 35 37 48 35
44x39: 43 44 46 41 46 45
44x47: 37 34 42 32 34 31
43x39: 39 27 30 30 28 27
35x49: 40 49 44 41 42 49
36x35: 33 26 35 31 41 28
49x45: 50 50 65 58 59 59
46x49: 67 56 48 63 55 55
44x37: 23 27 36 27 29 26
39x45: 50 45 51 43 50 33
36x43: 43 41 38 25 42 49
42x37: 29 31 29 26 23 29
45x35: 48 42 37 50 30 35
47x48: 53 56 51 56 63 66
42x42: 32 49 51 55 51 36
49x36: 25 41 23 30 36 36
40x43: 32 52 48 52 37 46
35x47: 42 51 40 43 33 45
40x45: 50 54 45 41 43 45
41x35: 22 17 27 22 32 23
49x42: 54 49 51 64 51 47
39x38: 30 44 45 35 40 37
40x46: 50 48 38 41 37 67
46x39: 46 48 40 50 43 48
39x49: 56 40 45 61 45 45
39x41: 32 18 26 34 31 27
42x50: 66 52 39 55 57 50
35x49: 38 31 24 34 29 20
35x49: 38 48 38 42 49 48
49x47: 66 45 68 60 57 59
42x48: 50 59 50 53 52 47
42x41: 49 42 45 56 34 39
45x43: 53 42 54 60 45 44
43x49: 43 34 42 37 41 26
43x36: 51 38 35 40 35 38
41x39: 31 34 24 24 33 22
42x42: 21 35 33 34 40 32
43x43: 45 49 55 48 49 41
50x38: 33 28 47 28 24 32
37x50: 37 27 44 28 27 28
44x49: 61 62 56 49 58 47
48x37: 30 25 39 26 38 34
44x45: 31 30 41 33 44 31
43x48: 44 61 43 55 49 64
47x44: 43 49 47 54 65 58
42x36: 30 22 34 28 23 31
39x46: 41 48 40 49 51 46
37x43: 30 35 25 21 29 28
48x43: 54 49 59 49 49 59
40x45: 26 24 32 34 44 35
42x42: 51 42 48 41 53 37
49x37: 24 37 32 33 32 34
40x50: 60 54 47 49 40 57
39x37: 36 37 33 40 43 32
40x42: 27 30 25 38 35 27
43x39: 38 32 25 39 21 27
45x48: 41 38 43 37 39 41
40x35: 26 22 24 21 24 25
35x40: 34 34 41 36 38 34
37x43: 27 30 27 38 25 21
41x47: 44 56 54 54 39 52
43x42: 33 31 31 37 33 30
36x42: 26 32 25 25 33 27
44x40: 50 34 50 51 42 44
40x45: 48 42 48 53 50 36
41x41: 39 53 38 43 38 48
50x49: 61 52 54 76 54 76
39x36: 27 24 26 23 30 25
45x45: 50 26 36 50 31 32
47x36: 44 43 45 50 39 40
37x50: 46 59 45 28 55 53
46x49: 52 67 43 61 58 63
38x43: 23 33 27 33 35 17
50x48: 27 44 47 45 60 32
43x48: 35 37 36 36 39 40
47x47: 33 36 37 40 29 49
44x41: 33 34 28 29 31 27
36x36: 26 23 26 20 24 25
40x49: 30 47 46 28 28 29
42x35: 25 28 30 26 24 20
38x50: 29 30 35 16 43 38
41x50: 43 48 59 60 54 53
36x48: 33 32 53 34 25 15
40x38: 36 46 39 41 41 32
48x45: 40 42 40 45 37 36
47x40: 26 30 33 36 35 35
47x42: 39 27 33 36 33 42
39x36: 41 27 46 26 43 35
46x46: 59 50 60 54 51 53
41x49: 37 31 28 36 35 41
50x47: 54 60 64 62 64 59
45x41: 32 39 36 27 28 32
45x50: 39 33 42 35 46 45
38x44: 31 35 28 23 26 24
45x36: 37 24 30 22 33 33
49x49: 58 73 47 65 68 56
36x49: 30 37 32 34 33 25
41x44: 46 45 37 45 50 52
49x50: 69 58 51 61 72 62
39x49: 37 30 36 28 44 32
48x37: 43 35 27 28 37 22
37x41: 25 25 27 25 32 21
43x39: 37 46 37 50 44 43
39x48: 28 33 42 40 45 19
41x49: 55 55 45 55 40 58
48x50: 58 79 62 54 62 57
48x40: 40 33 26 40 39 29
47x42: 30 33 25 41 39 41
43x36: 25 47 41 36 36 55
36x36: 39 36 33 29 42 21
44x42: 37 52 47 43 54 52
38x50: 36 25 30 33 28 40
38x35: 37 36 30 29 32 40
38x46: 37 42 53 57 41 41
45x35: 49 29 58 38 32 40
40x36: 18 32 27 22 25 31
48x48: 43 32 37 45 42 56
41x48: 36 44 57 59 45 63
49x39: 40 39 28 34 35 32
49x40: 34 39 40 39 28 28
38x44: 32 25 33 27 24 27
46x45: 54 55 50 62 51 46
43x43: 45 45 49 50 52 44
38x49: 18 46 26 34 33 35
49x45: 52 54 52 55 71 54
37x48: 26 34 37 31 31 33
44x37: 47 42 39 37 35 50
42x47: 29 35 31 33 44 38
50x35: 41 37 43 43 47 57
35x38: 35 43 37 25 34 33
36x42: 51 39 46 34 31 34
50x49: 61 73 54 58 68 62
40x50: 51 55 46 57 48 50
46x50: 50 63 63 66 58 56
42x49: 41 43 31 44 39 26
42x43: 47 39 50 42 44 56
45x36: 30 37 25 28 31 29
41x48: 41 36 39 32 30 30
45x40: 27 37 30 30 39 31
41x41: 28 31 34 35 19 21
38x44: 23 27 32 33 25 27
48x38: 53 47 47 37 46 51
45x36: 39 45 38 44 34 49
36x37: 20 29 18 27 22 28
48x36: 49 40 42 41 40 53
36x37: 33 37 29 28 41 36
44x41: 53 53 44 34 45 49
36x40: 28 24 28 27 21 28
49x38: 56 46 67 33 49 41
38x40: 24 22 29 27 23 31
37x39: 25 24 24 32 22 28
45x50: 38 35 39 44 41 43
36x43: 32 28 29 29 21 29
49x38: 54 35 52 54 40 51
38x38: 23 21 17 22 29 32
39x45: 33 34 35 23 36 33
39x45: 39 20 31 34 33 37
50x47: 41 42 41 40 37 38
49x47: 37 41 34 45 35 48
50x42: 49 57 62 56 51 51
48x45: 56 57 52 51 55 61
41x42: 38 41 52 47 44 45
45x48: 30 40 29 46 48 46
46x45: 57 63 52 46 52 50
37x35: 27 22 19 17 29 18
40x42: 39 26 32 25 31 28
36x46: 43 31 41 50 43 45
41x41: 47 39 42 55 37 38
43x50: 54 62 51 47 59 58
36x49: 46 61 46 39 39 43
35x41: 26 25 30 23 16 22
35x37: 22 23 19 25 21 22
43x40: 20 34 30 35 30 33
45x50: 56 46 66 63 55 61
48x48: 39 51 46 39 52 28
40x46: 44 55 46 55 47 37
36x42: 35 33 38 41 33 52
36x41: 29 22 28 22 28 27
44x44: 51 53 47 51 55 41
50x35: 42 45 50 44 41 49
47x39: 56 50 45 44 38 49
41x35: 32 44 30 41 36 37
45x46: 57 52 48 45 47 68
36x39: 30 25 25 20 28 27
47x43: 47 43 52 68 55 45
41x36: 23 23 28 25 21 36
47x49: 64 64 62 56 64 46
45x45: 35 30 45 36 43 36
40x41: 42 33 41 50 41 44
48x39: 43 52 49 47 42 56
42x45: 55 48 63 39 48 42
42x43: 31 30 43 28 37 26
50x36: 53 54 42 52 41 35
35x36: 22 22 24 20 22 21
48x36: 49 45 43 34 46 49
45x42: 38 38 30 34 35 35
42x37: 22 24 30 30 25 37
48x37: 39 56 49 44 41 47
44x37: 37 50 45 37 45 39
44x37: 40 40 37 44 43 45
49x48: 70 64 47 46 60 72
49x35: 47 45 50 34 50 40
45x38: 29 31 22 33 31 33
41x46: 46 48 44 53 50 48
44x38: 50 45 40 46 43 33
39x50: 32 33 31 38 40 33
48x47: 59 56 61 60 55 57
45x36: 32 29 28 32 25 33
35x46: 29 40 38 43 56 41
46x49: 42 38 35 41 38 45
40x36: 46 41 29 36 31 37
35x35: 18 17 18 22 22 24
40x40: 36 40 37 44 51 37
49x35: 50 48 34 37 47 46
47x42: 50 57 41 51 52 51
48x37: 29 26 34 32 37 33
48x39: 38 27 34 40 35 33
42x41: 35 30 24 25 40 28
37x39: 27 27 26 24 25 26
37x49: 26 40 34 25 37 29
41x44: 32 35 28 30 31 25
35x48: 22 33 30 30 29 31
35x50: 32 33 29 31 27 23
45x44: 49 52 51 54 45 54
47x45: 33 34 34 36 43 44
41x40: 41 43 39 43 42 44
38x49: 44 50 48 60 49 36
43x46: 54 40 51 49 51 58
45x36: 43 46 38 44 38 40
49x47: 61 58 71 61 40 67
50x47: 42 45 40 33 38 42
41x39: 33 21 25 30 27 33
38x50: 48 53 38 54 39 58
49x48: 43 42 37 47 40 46
49x44: 44 44 36 33 25 42
35x50: 35 25 29 29 31 26
45x44: 64 41 49 45 52 52
38x47: 53 35 48 41 51 46
38x43: 47 40 44 50 45 26
48x36: 35 49 45 42 38 58
44x41: 33 42 45 46 47 64
39x47: 58 44 41 53 49 35
40x48: 56 56 40 56 49 37
44x35: 45 33 24 34 52 44
47x46: 58 44 62 58 51 60
38x42: 21 29 30 26 34 28
39x36: 27 25 33 23 24 23
48x42: 53 51 57 50 59 42
50x48: 61 42 35 43 37 37
40x41: 39 45 52 35 49 36
50x48: 57 64 72 65 55 60
43x45: 66 47 61 37 43 47
50x49: 70 69 66 50 67 57
45x43: 44 49 74 42 46 50
41x37: 39 36 38 48 40 32
45x50: 44 36 37 30 45 48
48x50: 32 45 44 50 41 43
37x45: 53 37 41 48 40 36
42x35: 27 24 22 30 26 25
43x38: 40 49 33 51 30 47
38x45: 56 49 29 41 50 35
45x35: 42 41 34 44 44 36
37x50: 52 45 38 45 57 45
46x43: 30 40 31 43 35 30
36x46: 30 28 35 38 26 23
50x43: 53 50 51 53 66 56
44x41: 50 46 64 50 44 29
50x46: 46 70 57 54 67 61
46x41: 47 49 39 48 52 53
40x38: 33 51 39 32 40 41
41x35: 16 24 33 19 28 23
36x37: 20 22 26 25 21 29
36x44: 42 49 44 35 40 36
36x35: 27 23 23 19 15 24
38x50: 37 30 34 23 31 36
36x47: 21 35 28 30 39 26
42x35: 37 39 43 42 30 37
48x45: 41 60 68 67 50 51
44x39: 44 40 35 53 46 43
36x47: 26 24 31 37 28 34
38x36: 24 27 27 23 21 22
39x49: 38 27 37 36 40 29
42x37: 33 29 25 26 29 25
45x36: 32 35 34 28 27 23
38x40: 27 29 28 19 23 30
40x46: 48 45 47 40 51 52
43x36: 28 45 32 37 50 45
38x49: 36 45 46 45 59 55
42x44: 54 49 44 46 39 52
49x36: 43 54 45 43 41 47
43x48: 39 46 60 62 58 54
37x44: 38 41 39 42 47 43
38x38: 24 23 27 28 16 25
38x36: 23 23 27 18 26 26
36x48: 26 29 41 30 30 36
40x44: 46 32 22 22 34 25
47x37: 50 54 51 27 47 42
50x36: 44 46 52 55 48 34
36x42: 36 39 43 40 38 38
41x40: 45 43 33 39 38 52
44x46: 29 24 35 41 42 38
50x42: 62 46 53 54 58 49
35x50: 23 29 29 25 35 34
41x38: 26 29 23 25 28 25
37x40: 31 25 27 20 23 29
46x46: 43 54 55 69 56 49
36x42: 27 33 23 22 34 28
42x36: 31 29 30 39 16 23
45x50: 49 46 59 59 51 81
42x40: 42 46 39 36 56 39
47x44: 50 43 63 47 46 71
41x43: 43 40 46 46 47 49
38x35: 35 27 41 33 37 33
45x43: 63 55 44 46 37 52
50x43: 46 64 58 67 47 51
41x39: 25 24 37 22 26 35
48x50: 38 44 42 44 45 42
35x39: 29 32 32 41 38 37
35x42: 44 24 39 38 41 39
50x43: 41 29 32 42 43 36
36x48: 35 34 56 50 47 46
43x38: 36 55 44 40 42 37
37x49: 50 37 40 42 54 53
40x35: 32 27 21 18 23 21
43x39: 43 58 42 36 38 43
42x47: 34 33 35 39 32 37
38x48: 29 38 32 33 29 30
44x41: 46 41 39 46 54 49
48x48: 62 46 66 63 55 63
43x47: 41 41 25 35 45 22
36x39: 39 26 37 34 41 38
48x38: 33 38 28 33 24 35
47x50: 31 50 46 35 34 44
36x46: 51 40 36 45 45 36
41x46: 32 31 35 34 36 27
48x38: 42 49 43 47 48 51
39x37: 50 32 31 28 44 35
39x39: 40 41 33 36 45 38
43x35: 35 39 32 26 48 50
46x46: 45 42 40 33 33 31
42x47: 24 47 42 32 36 29
41x49: 34 46 30 26 31 41
38x37: 31 40 36 36 30 44
45x45: 44 43 53 63 61 47
43x35: 38 40 31 42 35 44
41x35: 28 21 29 15 23 27
40x38: 31 26 25 26 25 22
35x45: 27 31 30 31 26 20
35x37: 18 26 23 22 21 21
45x48: 52 59 44 63 56 56
48x41: 49 45 39 52 57 57
43x47: 29 32 42 42 24 40
38x43: 28 30 30 27 27 26
41x48: 44 60 52 55 45 49
44x50: 35 42 33 37 35 41
44x39: 49 50 40 31 44 50
48x39: 46 43 36 55 53 51
44x41: 57 43 42 51 45 38
49x35: 23 31 26 34 26 35
39x36: 47 36 42 23 31 39
41x35: 40 36 30 36 44 33
46x50: 43 42 30 46 34 45
41x50: 54 51 54 60 49 48
35x40: 28 29 15 26 21 24
50x50: 43 37 51 37 44 44
49x35: 39 26 18 25 25 43
49x37: 46 54 46 44 49 41
45x44: 36 25 41 45 29 33
37x39: 44 24 32 35 46 38
43x36: 52 32 38 35 38 42
50x36: 37 23 31 40 25 36
38x36: 23 24 22 25 23 27
41x50: 30 46 31 33 33 34
45x50: 59 52 70 65 51 52
46x43: 49 45 55 64 56 36
50x36: 33 33 40 31 30 24
42x46: 38 30 27 35 33 46
44x49: 54 47 52 71 60 46
46x48: 57 66 66 57 55 43
40x43: 29 31 28 26 27 41
36x44: 41 41 40 38 49 35
46x39: 38 40 45 58 45 49
46x39: 43 36 61 53 38 48
47x41: 56 41 41 46 55 54
49x42: 55 53 46 46 66 49
43x49: 31 43 39 35 37 38
39x41: 39 43 35 42 41 45
45x44: 26 37 43 33 34 36
47x43: 36 35 32 37 36 33
41x43: 44 50 55 37 43 46
41x44: 22 29 34 32 26 38
38x40: 38 37 33 43 40 41
41x41: 21 24 35 33 23 32
36x35: 20 27 21 24 13 27
40x47: 53 46 47 47 53 43
44x47: 60 40 58 57 47 56
41x38: 26 33 28 16 21 31
42x36: 33 44 30 55 33 36
44x42: 49 51 33 58 41 49
38x35: 29 30 33 28 48 36
47x42: 52 46 42 51 50 60
42x38: 27 27 29 30 29 25
45x45: 31 47 45 35 31 35
46x50: 35 53 46 29 33 43
40x36: 21 23 23 29 28 32
44x39: 46 43 47 41 45 43
40x44: 27 21 31 33 40 29
49x37: 54 42 55 39 51 40
35x35: 24 28 41 39 30 29
49x46: 40 41 50 38 37 33
49x43: 57 50 54 68 53 42
48x44: 53 57 56 62 53 45
40x43: 44 41 49 45 45 42
43x36: 30 36 51 40 46 38
41x37: 28 25 25 32 22 23
47x36: 40 48 42 41 46 44
49x45: 41 45 35 43 40 35
49x46: 59 53 67 54 56 60
47x46: 56 55 42 58 56 62
35x48: 36 37 22 28 31 22
49x35: 37 39 53 45 47 45
39x35: 36 34 34 39 32 35
45x49: 54 50 58 63 56 58
38x45: 43 36 64 39 44 42
40x36: 31 46 30 34 37 43
45x47: 41 34 41 32 37 39
39x43: 34 38 30 33 23 23
36x50: 57 30 43 56 40 48
47x41: 27 39 19 43 33 33
46x48: 45 29 38 44 38 46
39x40: 31 29 24 31 24 30
36x45: 35 37 46 48 44 40
39x50: 47 55 47 51 54 46
48x36: 34 27 37 28 33 32
38x49: 29 27 34 35 33 34
47x49: 62 49 59 70 58 55
45x39: 29 27 34 31 35 39
50x47: 51 55 63 69 65 59
35x45: 27 32 27 28 22 28
36x35: 38 27 28 37 34 28
36x44: 40 37 39 39 54 34
46x36: 38 46 37 50 35 48
47x42: 45 40 49 58 57 53
41x41: 48 58 47 38 37 34
42x38: 43 32 43 42 43 42
37x39: 34 40 42 37 35 36
35x36: 48 24 29 35 27 29
36x49: 33 30 26 34 25 43
46x42: 63 40 45 48 46 53
40x46: 35 46 53 43 57 51
42x45: 35 34 35 37 31 37
46x36: 35 36 32 49 52 47
40x48: 41 33 31 41 35 27
45x42: 61 49 37 50 40 51
49x41: 52 55 56 48 53 47
47x40: 51 48 54 39 53 46
46x48: 42 32 43 37 45 40
38x50: 52 57 43 45 49 46
47x49: 41 34 45 48 35 37
35x47: 35 53 43 48 37 39
46x44: 31 33 37 30 35 44
41x41: 40 47 45 44 44 40
50x43: 56 55 48 52 64 54
47x39: 35 24 37 30 41 27
42x49: 38 40 40 39 30 37
44x49: 44 47 28 35 36 34
49x44: 35 40 28 34 40 46
41x36: 16 23 28 30 28 30
44x42: 49 53 49 46 45 44
42x41: 58 39 36 32 58 39
48x50: 37 40 46 49 47 37
37x50: 53 36 46 48 55 45
47x47: 62 54 50 53 57 62
37x47: 55 43 46 32 43 49
38x50: 30 29 26 33 41 33
50x39: 32 33 25 38 36 44
42x35: 40 42 41 38 34 33
43x46: 36 35 35 39 32 32
39x50: 37 34 40 26 40 31
37x50: 42 32 26 37 20 35
47x43: 38 33 33 37 35 33
44x44: 43 50 56 47 52 52
41x45: 33 38 30 30 32 31
35x50: 43 18 28 29 25 32
45x37: 39 39 47 42 49 41
48x47: 46 35 39 36 43 40
41x43: 34 26 38 24 31 29
47x35: 27 26 21 33 31 26
41x39: 29 20 33 37 31 18
50x42: 53 57 55 62 45 52
43x46: 49 45 45 55 60 48
38x48: 53 46 41 51 42 46
35x41: 33 18 17 25 29 21
45x43: 33 34 49 30 28 35
41x44: 35 25 28 30 29 34
40x39: 36 47 43 44 35 37
41x45: 34 43 25 29 33 31
38x44: 50 38 30 48 49 38
50x44: 42 31 36 33 39 42
37x37: 24 23 21 25 31 20
35x41: 11 29 22 26 25 30
35x50: 45 39 35 57 47 43
48x40: 49 55 51 55 43 44
44x38: 25 24 32 27 27 32
47x42: 38 25 40 28 42 37
40x46: 35 32 33 30 23 42
43x37: 43 35 36 42 37 50
41x38: 21 27 30 26 28 24
48x37: 47 47 32 45 44 55
44x44: 34 37 30 29 36 29
37x36: 35 28 37 37 30 38
37x36: 22 29 25 28 21 19
46x38: 42 56 45 46 40 42
40x39: 17 32 29 29 31 31
42x38: 27 27 25 27 26 35
37x37: 41 32 41 33 29 36
36x40: 33 37 31 49 33 37
47x50: 46 57 55 65 74 63
42x36: 43 31 36 34 40 47
48x35: 32 32 32 34 27 19
43x49: 43 31 29 40 39 41
48x46: 57 51 63 51 61 58
48x50: 62 59 65 49 65 70
48x50: 54 56 59 69 76 54
41x46: 44 33 30 33 19 35
40x47: 32 27 47 27 26 35
50x50: 38 41 50 46 39 41
37x50: 22 37 37 38 36 22
42x38: 42 37 44 48 39 36
47x45: 53 63 58 55 40 59
38x45: 48 39 45 47 38 46
48x39: 38 40 61 48 47 57
36x43: 36 39 38 48 38 39
46x44: 53 50 65 65 40 42
39x46: 39 44 42 50 54 46
37x46: 44 42 48 38 44 47
42x48: 45 58 54 50 62 43
42x35: 29 28 27 23 23 24
46x48: 44 35 49 28 46 37
45x49: 46 50 33 31 44 35
45x49: 60 50 61 52 59 58
43x41: 27 35 34 30 31 24
36x46: 25 23 35 29 30 38
50x35: 46 38 57 42 37 52
40x43: 19 40 37 26 27 33
40x41: 38 41 51 47 49 29
47x40: 49 52 44 41 39 64
35x44: 42 33 42 41 49 30
48x45: 33 26 45 33 52 50
39x42: 60 36 37 42 41 34
48x39: 48 44 56 49 54 39
43x40: 31 31 28 29 27 35
47x35: 42 33 53 30 48 49
47x40: 57 38 59 47 47 43
43x43: 38 44 47 49 54 52
38x44: 41 45 44 50 41 37
38x49: 39 33 28 30 28 34
44x41: 45 51 45 52 39 46
38x50: 37 35 39 36 22 22
36x48: 47 37 37 46 45 51
38x38: 37 44 39 37 25 42
50x48: 32 57 36 59 39 32
41x35: 43 30 36 34 36 41
39x49: 28 32 38 30 38 42
42x47: 52 57 47 53 55 40
36x49: 51 40 35 45 42 55
49x35: 34 26 33 26 29 27
45x40: 23 27 29 27 40 48
42x35: 27 19 33 21 25 29
40x46: 32 36 40 31 32 24
36x37: 25 23 32 18 25 20
42x44: 31 35 33 37 30 29
49x49: 41 53 44 40 31 46
43x41: 35 31 28 29 27 31
42x36: 43 32 42 37 33 46
42x39: 30 44 47 45 45 43
46x41: 30 35 27 30 32 41
41x38: 42 36 53 32 41 39
39x47: 34 36 29 22 35 39
46x36: 42 46 37 38 43 48
41x41: 53 48 37 38 40 42
48x49: 40 45 38 48 37 47
38x40: 27 25 29 23 22 30
39x49: 40 29 34 31 35 38
49x48: 71 60 60 50 61 60
