8098555
611107
13701989
1635248
11832589
1293808
8494911
15575695
16337128
11670820
15522823
16126216
6550790
13483853
5400625
14507005
2271545
513059
14128778
2283219
2225383
14090923
4664696
235319
12632697
4730739
2114095
10039343
11117251
3661614
6289454
5349639
9758071
14521611
5686475
3423685
2868520
5377754
12190147
7914853
7886120
6036657
1874973
9061237
11189618
12496965
9224661
3411037
11471872
3193467
4983829
1002294
3988282
4271574
14348482
13220581
4659688
14467963
5089410
8495115
11940272
4737089
16206129
14787394
3597660
1683735
2550817
2773328
15910726
6556527
11230787
2076143
446931
9679079
3691146
1256491
9709444
15117940
14112702
15964584
15758617
2547861
5512697
10421871
2358883
4802768
4313303
4830877
2792612
11212449
2397554
8180666
291851
909453
2453989
2250321
10873738
3197553
11737901
12176164
16154440
9346694
3942578
10932033
1823030
16322473
5045984
7921977
3691682
9564004
13377196
5064911
2293876
9218599
12280516
2361246
16676711
6357399
7780270
11536778
4810224
983450
8449517
9699609
2933124
2189793
7471006
1947477
12182724
5319957
6576609
15214175
1177232
3129779
2291866
4447875
8509236
6254744
6958314
275804
14951903
9423862
15808243
13511270
15300911
9721836
2369065
14627410
4210428
15275644
10232754
16318318
5568952
3414988
15074267
16744342
16370532
2041783
3938786
3251287
16512973
15675323
9789396
1678900
6340574
4461036
11492952
1478005
8955622
1161340
3105194
1607495
444239
11386505
3059001
15930030
14991027
10828946
9894275
6830934
13846626
12545482
1623038
13573677
15905064
13377978
11221525
16319104
12826339
6799457
9038372
12306260
11757949
2980801
15285185
4056505
9339177
9710140
7079507
1667839
3542581
9523885
12301904
12003060
1317222
6874921
3098928
10717092
4974547
1562533
11678282
4713341
10041919
10384243
13558425
1526104
2532686
7143792
13653603
8186191
1414537
6628401
2658692
1601355
4767462
8239898
6252799
10532273
8559487
16172138
993856
15477182
16297847
4075655
9609532
3100910
1767508
5969341
5073491
4105481
3679204
7591546
13260437
8632430
7914877
14990526
16620721
10329015
6952878
1412336
426363
8627698
3029893
12876458
7449734
5521220
9444711
2927675
11293439
12529752
585949
3448741
5263446
894092
6801674
6221517
14085366
7847837
5398883
15358510
6877856
11204211
1268185
13302559
10647440
7451502
11770405
3666417
2418903
7730907
2250981
7066269
5174518
3553563
13857808
3675561
6120660
3984228
7858384
1874946
7161548
12000051
14993421
16592180
1464465
14792976
6879984
2760986
8576298
13947537
4486735
11934358
4013914
15746901
10257764
9562432
2587135
6278705
15071804
7863804
9005887
6899876
12135747
2497445
14309204
9094284
15766467
2517648
3936501
1997808
9215866
6374825
9359999
13430485
14995077
9765664
7526376
4644935
7670380
2868045
16155049
2247630
286373
3583853
11284411
13396237
1757707
9034010
11750579
9794975
3599004
10847274
14751733
1869520
1159014
1413233
8373746
14955361
8612084
15143285
11690506
13823583
15266912
2234537
9343682
8895664
5191741
8066269
508301
14626067
4891549
10604788
8599389
5219098
16123676
2393522
9124283
13758189
1995849
4075620
6622474
2785960
3408338
1219527
8626975
5267591
10531030
7045903
6065417
1964125
6195732
16173646
7413644
10013798
337732
4449456
16346694
14412515
5176718
13218298
3300904
15431877
10885404
4522679
4806476
10743624
11714293
1820441
5999811
9429069
7880873
8716602
15407468
2785545
15455484
7524815
12173109
13542884
15177888
10903454
2723242
8839732
4194826
10455065
1667334
2103552
14195393
7007108
12402503
16107006
13842191
11029195
10653971
15320487
8462740
15905223
1250191
2516357
6665045
16091192
8798830
3629201
12910816
9924362
7475652
10046492
11666081
5730458
11544896
7890310
9748471
11092666
11358647
6817244
11623055
10977803
14988754
6943613
16558190
12605687
11987711
977109
6002544
5700376
12544915
11261837
4690787
14344518
9142866
12218015
5327007
7044271
9411909
4869432
1935085
2947457
16762364
12976546
777104
7540103
7701269
15843352
15617226
8599015
14798307
6602452
4326538
8276669
9104085
15519886
897782
794828
1566503
13990475
2949974
6085316
6688283
4915807
9838130
8482231
6870735
8671833
14307797
6369625
12473720
13619686
6323759
2534773
16061052
7424656
5810619
4938921
9960336
8810975
559715
6492673
3723692
6473074
8593003
6221142
13278778
7874896
16348725
9323176
404853
147740
8865591
5510268
8509311
8531616
16384658
4022886
15779910
15169713
11150830
8768628
12710812
9302644
11467398
5061588
16624292
4848092
11441426
12339828
14533840
10097222
2408450
3737505
9053527
6249264
6920330
15995063
4682032
5808215
12817752
4092922
1285393
5803433
4516660
13419106
320058
15799300
3065754
10450136
8005375
13844781
5673783
10572752
13449575
12520183
7914864
9762445
1888583
4391239
6104673
14900069
9656437
5572966
15566202
8572304
3823085
12225780
7190398
16588968
534434
5217470
354032
12136428
15845914
15137221
6563066
13996221
11128736
12560881
5566081
4892212
4235075
11628585
2535596
2390264
11376749
14435792
11364638
7517051
3276585
3783721
10643499
14438834
15632859
14891929
14915021
13202737
15806260
8096610
586880
6651140
4146682
12802863
15073049
9907530
16464664
12713602
1042329
9905820
2482465
2412053
12493881
11274928
3517014
9777698
6524245
7334753
5813975
14682038
9894295
12096855
10123131
7442496
1942916
14817525
1664596
15297282
8921031
4711656
9757615
16718115
16333759
6205155
12926164
12350703
16480140
8010352
16061569
14114810
9048419
9655438
1466242
5578985
11235598
3454719
3124599
1815809
12303778
6697108
7537191
9654720
13212626
9026206
5032533
6808696
6211314
5044183
4055910
9326358
13735065
3864718
13689496
11341620
15239361
16557003
13443779
2088173
7501250
7765815
11153969
6385440
9942981
198978
6443035
6101062
8906304
6869944
280284
8214377
3589831
11076186
5525485
6101367
12503759
13488766
16467251
7826873
4017476
15009723
4676362
11690544
6550650
6965207
14769117
915248
13230273
13299412
5176325
11555533
2682638
4400352
12889827
6365573
13406505
12979259
6780944
5457897
3426721
7526087
706728
6319618
3368985
2306793
16485511
1742556
9001657
12556229
13783411
14012852
4975217
2486895
10802656
13591829
16357691
5542593
16019993
14793629
10398468
14028765
11309125
6441969
2697909
11887616
7920053
12189483
5668041
8748667
8367504
7856130
12926764
9560791
9036270
13541057
377447
4200209
9074651
7833718
3095036
16462283
2605261
6725548
768113
12514771
11740018
16029829
10845931
8967167
12458644
11824696
223034
12697776
1691221
5984905
131601
1243243
7248283
6088268
11282581
5644587
6649615
12083651
5337256
16665790
9401770
15847998
9854298
7435876
10776596
5467489
2224227
10845021
12584916
14196550
4591134
1584516
3653742
7253188
3934830
11729253
11512637
5121089
704987
5326900
2604520
5102237
8216233
10287908
8273633
173351
12440836
9396811
15399043
1608168
2831166
12273386
11116477
16235253
10554062
6619495
6244959
10401109
5954614
1388459
2516588
11302225
2224651
795280
7703265
9201449
9391643
13582932
6166182
11331782
15861375
15520661
2162513
9211161
4322891
401986
11518630
354769
472829
3682140
9711263
7827779
3222297
13415113
1304552
11727513
16033838
8015291
1653154
5039797
9842005
9370930
7405131
7970453
6171489
10395927
6571125
1506726
15322199
1000486
9033216
15844592
2486332
11588979
9230653
6949083
12928301
1271524
488534
13240312
1406885
8949261
7960593
5104460
9628927
6821947
12559052
7122269
5553618
16275527
13681472
12237466
3120720
9797290
3135347
1622174
4780223
250881
7463593
14362714
4503602
14783642
5865751
12181073
317442
6581005
7853168
5642682
3458566
2625815
9508135
4461750
676424
1637094
1404092
12118696
10264049
8635131
14319840
7209794
5897307
8490346
8110543
2961121
1829771
3545586
13095599
1724551
14431504
7906979
6860051
15722773
12235777
12524096
3282000
7383851
1130744
16631657
15263104
4679065
10840106
797124
4874647
16504923
8343594
1740278
6095605
8360889
16552130
6358538
2509682
12439393
16160779
3757859
12744149
12357170
9177171
15451385
15632909
1609670
10064492
9661551
15149463
657643
13635070
328423
12575904
1719489
14533335
2466952
2106517
14978925
4342694
8671900
3803365
4920889
6824556
4121981
12387007
7005479
1434037
7775516
12767138
9708855
229928
3551548
13476997
6450706
11342332
10006700
10231643
5758716
8704753
5754525
16307876
8211390
14908126
9330692
11223438
958366
5853764
2144907
16126748
16371788
12421982
4064262
6689421
502384
5839329
11589271
6801156
9506414
12521501
5399557
15660891
16538612
5210193
10961785
8045691
7185132
393470
15981030
1046693
4351674
14686113
11730905
4109170
7494087
7360117
8546594
6931756
2970087
14083889
13909219
1601423
11011705
12500261
7942407
700871
6487479
13155567
11592683
8015065
16698474
2332146
14597155
1839187
3846082
14623197
3965378
9386105
1387038
15996947
2195539
5991085
3282515
1350970
14235121
3315261
10903334
8860233
12084304
12800529
249763
8749362
3693947
5347109
14695022
10162142
1200432
9733888
5328688
12680040
4749910
8753327
4850658
16481650
10598348
15745285
5273879
10785593
4215375
6920223
8194562
14487883
12157796
16470378
1439911
4136729
16083324
938111
6644075
1333814
6173829
8503130
6698246
10062305
12309987
11892120
11049450
16457621
4575373
15945562
16765993
8159334
10285973
15022489
8163859
15725755
5764025
13052844
5241339
5001023
16628183
10618540
13641726
6424883
16557368
15963781
6807275
448528
12475273
12296495
1854246
5650180
3968534
12333729
456385
14587188
4421248
15401690
10086653
14866329
13755786
10879521
15773171
7643691
6774517
7901826
16405311
6020968
9094771
16236353
13549913
10595993
14552502
3053495
13767822
4859881
7975815
15836625
16474490
794947
6545739
7206139
1551725
2598662
3395867
6105085
7516235
1081307
310197
3755734
3041554
9476766
14404839
1399887
1684902
6975478
16257019
2675051
12279606
2188844
9473467
10630775
1942600
414996
12135456
7520747
8113489
9046073
13211279
184266
2176669
9940743
5993924
4256903
14956397
7906487
6195676
4204539
1509422
8186779
16017679
12917543
4929022
12888276
2190236
12048897
10427888
13917670
7140113
13872293
7044069
16614510
7610876
5457077
10571096
6913286
15809094
14213061
1864980
15260862
14894595
4430352
9559899
16214970
9113971
8577188
14279669
9990995
6592319
8792987
10857042
9312686
3287666
10224345
10033417
15451139
16144077
8920569
11594466
4722387
7055412
1130002
16106974
14717927
5140403
1798419
16540124
6955170
13035659
5815886
8323549
13128439
7119855
3079651
13281858
651427
5195774
1162382
4119808
11815284
7862068
9285198
8804427
9184024
14039877
14430242
1823228
10752427
10568112
3065621
14958522
4570151
1205150
3945563
16223978
11982395
9123549
9019225
5651772
15794518
6634660
7616984
10084603
9057385
10304942
14455969
2362418
7576778
14265309
4736557
10032451
2062767
8534302
1142254
10817444
4165387
15078300
11378719
8967724
2439964
6607227
8827855
11895472
572352
7378034
7557680
9138829
4586647
10350689
1427188
5980729
15699243
3138000
3991737
3772684
1885623
3666639
14594621
4476717
1984983
8026122
1424456
11245497
13769010
16488005
15653054
4802090
14436156
10558311
6550671
16024966
707475
15783761
15250358
9721537
11936711
3035498
14367619
237721
8301901
10344829
6608890
8372798
10527261
13434619
12571656
3486223
2286529
16679425
1535425
7575330
4759278
3309481
10187465
8949036
12395609
16035897
2566498
5454905
13232707
14443420
6411152
3462556
16763992
10154029
12166892
813950
9342096
12422016
12947651
417208
14223214
5514547
839199
15235755
14823285
7443184
8142426
11275116
4382396
4979718
1939399
3554484
14680456
3433398
16069877
5437382
4530513
12842311
6697185
8021256
11172854
14443877
3462490
8811184
13672151
13994701
12716960
8004308
8122482
12453533
2775064
9550324
2827370
3363763
2748855
9545761
2405677
14243458
4225146
12912643
1119058
1776790
11706099
12484108
8528977
12193456
9270694
2303130
9322675
15182560
14274202
16246004
4355014
2344777
6619134
874178
4986047
9065376
14023054
14814427
10660263
15276099
16430241
6520138
8034214
12496842
7358126
2207695
5873988
9774263
1033259
7284789
1786302
3770704
12083827
12486053
10957830
12285512
9194894
9360174
850970
9805316
10032707
3024335
10955031
12462169
8704286
8115863
9881115
11339442
4230004
5257631
6065699
2894905
14412718
4082225
6548510
14742091
1845636
16277178
9145116
16574712
7881951
11135472
10068707
16053926
3011194
16631569
9413198
16360200
15222636
6034188
12858055
7305652
3679207
11829544
4890018
10088798
15914410
10167499
6268272
11249557
7583382
5005552
2173302
5181240
10467326
10417702
7020542
10947450
4790861
16367374
7556314
7738168
15203956
14198464
4242286
14627527
12074681
5550542
5410453
15924738
9042507
13358922
14664761
15516503
761313
7733401
4564428
4467716
14405535
281306
6738392
2170704
9408564
15720490
14947491
13303704
2943736
5576763
14425662
15602301
4044200
7963495
10812092
6263333
7725554
9562067
11070703
1316494
4174559
7059981
10734830
2876541
225726
1916952
16033993
15826217
9495764
2372627
8744710
11755525
15493566
10655786
15968033
5587018
2359561
691717
6974462
3245048
3496938
7720353
11155007
8608453
1301438
15337502
13744249
5264209
10479685
7712781
15385844
9591914
16498963
14858108
13535974
5407133
6841373
10263115
9799751
683691
8647084
11738667
4285477
9467476
4684109
9078558
11078626
1388600
12445383
13329501
16409355
11143151
4990274
4437044
13078886
2338681
5244221
12970646
9792670
346462
9517818
9288719
13306410
3038540
11098734
4299289
5870186
13430293
12727997
16061673
10276499
14029573
1302937
4929123
4091841
7250509
2608592
8132632
3210656
4667396
13280145
10747905
1963602
2440883
13447119
7150343
9152186
15906018
14861908
1914501
5591525
9304106
5335803
11450435
1017713
7713686
2708861
3634423
14428826
1611213
9621554
1060022
12664383
3222910
13053962
1999225
7117967
9261278
13143749
12427919
5528290
14350782
3218297
9959036
11516741
9259979
2558965
3893490
9284731
14905307
1277872
6367554
11691669
4228862
7583050
6253804
7312640
3982337
4047542
12640014
9606827
8381330
15939717
1822142
14942502
6816734
9608871
12959666
5247936
9641394
206690
11934739
15854419
8457349
4005881
12386789
183826
11645365
15472882
1882395
9045957
8057655
12926327
15436563
1096158
14047412
12670399
12640301
11755388
2305164
13315833
10004997
864961
12923583
13961075
4729573
10696456
4013792
8506194
9351461
12089688
12766817
1425486
13096286
5613017
10944118
5917045
4653736
5299592
3802773
6027796
1748355
12696102
9450291
12895300
11574900
10393395
6302185
5892033
552473
6483221
11671915
2282505
7859968
10432201
1312493
13476011
9849710
11141674
16740508
10384415
3305480
5482128
3363735
4147040
16166237
6632630
5422228
868017
10671955
4150510
3960545
10377719
11630483
6343999
7864030
6081570
10790248
8949670
5944616
13030661
15128252
10215587
8880110
13154059
11956586
255835
13732249
540165
5656203
4788719
6570226
7825745
9363708
8438317
7983173
8258906
13679168
4503456
3694774
11954767
3607137
12100574
16178700
8125375
9574056
6077531
1449860
15034764
6421697
10576199
10018065
10015304
9912873
9501378
212846
6337790
12343235
10214541
14634456
12699585
12739812
12888946
7618553
13512023
13908313
571102
6465226
1163684
1730688
13026270
11101558
11214412
2315784
13280293
2366772
13965913
12373148
6282255
6200862
12690531
7916912
3193981
6184074
15231501
13318789
1988845
731198
16743739
12860008
16533208
10312188
16087750
5079083
15937575
4349542
16138950
10460026
1247130
1346590
3044360
12390385
5153382
13516822
271738
11009539
15146396
6002636
8656305
9488472
2932692
13250238
3423473
16470989
4450147
3538156
6591829
4103189
225946
6088847
11041263
7899238
1460717
6059842
8871127
178336
9249395
12061695
5580888
9292041
16515575
3842305
7636081
9109194
8375287
10969204
12501760
10223456
2189318
3075655
617969
3409497
302499
3195381
11050717
12434662
1916707
807465
4612704
3570501
4314199
15130465
3516053
14631486
9487767
10995584
9797331
10119331
12822604
2161664
9044709
13036362
7949963
11309350
9935010
3013299
6660917
6330095
11739088
7411274
13511403
4607688
10095807
14968640
9416595
9124935
15401518
12753353
2594645
16776445
13543783
9961659
1677542
11720049
6050936
2558646
15320208
15638735
6753524
11664953
10521551
13471627
13366623
16544105
8249158
1161309
12644343
15546320
6843588
7331927
12133928
5675477
3029873
2921417
842868
11992159
13276016
3625872
12237380
7006417
292696
8155930
11980631
16399197
2269271
13999134
3661096
11701671
11438438
503608
6827267
10322594
10009057
8447509
14821074
6030531
9059276
16141762
3034398
12305868
11437418
301018
11324171
15478220
6658112
3025101
699740
2656835
7055455
954996
5092052
13415666
2373038
16141648
1283724
4188256
1017127
16290396
13845243
1653952
7289165
679008
13085341
6936539
15351499
15307724
5011036
15766325
12200918
16356584
8416722
16151274
6084129
3804908
11584961
1133179
8880980
14267653
3238128
2244926
5073523
16482763
3939043
13454086
7663963
662461
3603858
3027284
8998745
15077276
5029766
5792350
15017219
1670450
2978152
8301616
3850450
15072780
1039657
946024
2932616
5772547
5509275
8398089
3245628
10783541
4109644
3447422
16431585
10587139
8360725
14789623
6212683
8255500
5717445
6423830
10447165
3194873
1190875
10051630
11855254
10859705
15351835
16353868
13414313
7751055
16569683
6890438
15300823
14638529
11763314
1148698
3388881
8705558
8292488
9283767
650111
10594942
7975916
14036617
14469675
844895
10426706
4641782
9342640
8752825
14977557
9218985
5550442
13913406
8416384
9079126
13581379
10855140
14012485
8208538
14930845
8159732
13347024
4601896
12429553
14575581
15033719
3452780
14762184
4498463
9756392
13104698
12630074
16067741
5658773
9144116
13338468
1168489
8810514
16096300
3839534
5717449
13092534
9596174
2868878
945816
1849080
15150002
7553699
7575697
12907073
9774688
11027801
15931181
5316881
5623249
3576072
13147067
4190585
12912431
6367235
11819074
2261770
2747548
16213865
4006749
16459374
1471694
11115397
857298
15924702
16601473
10108595
13180185
882123
14445225
9699140
10179342
16336345
2868916
16289263
8189025
4056447
12999824
3945551
4573180
8620100
3375035
3137910
4929426
12251068
5795631
9849080
14624760
1607674
1999544
3401418
10520688
16542284
1821983
13449005
13404506
4445337
4551011
11971880
8080340
6448563
1629248
5856114
11018195
15907729
9856610
8503925
6462992
14146328
13714623
16689603
606407
5094862
3154153
4565916
15651549
5596028
6953084
10581333
4454965
16543799
7499331
14778111
6633815
13534767
15398714
2482045
4558711
1816761
7120461
5644047
7142880
16609288
16763205
3125670
12445804
13915426
7480679
1424049
5494111
1513552
7575538
6325671
7366979
5342346
5567474
7524484
15113927
5045229
16656573
10792799
14205593
5343094
8405214
12974504
11950415
1026748
14503242
12999154
5378824
7435912
9763413
7157791
9350985
6710936
7100449
14269044
8269022
1288928
13280537
7105644
16312066
3409677
16503658
5183866
1440802
5218046
9017487
7662968
16141466
9844791
11629685
6407247
1893021
10865240
2226971
3802492
5249342
1048251
12473434
7845441
2451709
7177566
